[gd_scene load_steps=6 format=3 uid="uid://dtgt83vlddo08"]

[ext_resource type="Script" path="res://Scripts/RedAi.gd" id="2_04lgg"]
[ext_resource type="Script" path="res://Scripts/RedChar.gd" id="2_f51pq"]
[ext_resource type="Script" path="res://Scenes/eyes.gd" id="3_5rhiw"]

[sub_resource type="BoxShape3D" id="BoxShape3D_ggl8y"]

[sub_resource type="BoxMesh" id="BoxMesh_obbp3"]

[node name="Agent" type="Node3D"]

[node name="AIController3D" type="Node3D" parent="."]
script = ExtResource("2_04lgg")

[node name="CharacterBody3D" type="CharacterBody3D" parent="."]
script = ExtResource("2_f51pq")

[node name="CollisionShape3D" type="CollisionShape3D" parent="CharacterBody3D"]
shape = SubResource("BoxShape3D_ggl8y")

[node name="MeshInstance3D" type="MeshInstance3D" parent="CharacterBody3D/CollisionShape3D"]
mesh = SubResource("BoxMesh_obbp3")

[node name="Eyes" type="Node3D" parent="."]
transform = Transform3D(1, 0, 0, 0, 1, 0, 0, 0, 1, 0, 0.11237, 0)
script = ExtResource("3_5rhiw")

[node name="RayCast3D" type="RayCast3D" parent="Eyes"]
transform = Transform3D(0.866025, -0.5, 0, 0.5, 0.866025, 0, 0, 0, 1, 0, 1.84133, 0)
target_position = Vector3(0, -3, 0)

[node name="RayCast3D2" type="RayCast3D" parent="Eyes"]
transform = Transform3D(-3.78552e-08, 2.18557e-08, 1, 0.5, 0.866025, 0, -0.866025, 0.5, -4.37114e-08, 0, 1.84133, 0)
target_position = Vector3(0, -3, 0)

[node name="RayCast3D3" type="RayCast3D" parent="Eyes"]
transform = Transform3D(-2.98023e-08, 2.98023e-08, -1, 0.5, 0.866025, 0, 0.866025, -0.5, -5.96046e-08, 0, 1.84133, 0)
target_position = Vector3(0, -3, 0)

[node name="RayCast3D4" type="RayCast3D" parent="Eyes"]
transform = Transform3D(-0.866025, 0.5, -8.74228e-08, 0.5, 0.866025, 0, 7.57103e-08, -4.37114e-08, -1, 0, 1.84133, 0)
target_position = Vector3(0, -3, 0)
